810
780
274
169
500
876
647
24
339
389
471
441
29
135
572
859
118
301
403
867
178
937
90
59
264
170
355
57
600
31
304
429
22
880
271
427
371
121
78
711
224
193
189
275
732
396
644
474
519
702
964
79
345
113
961
696
318
714
667
269
384
86
267
270
764
88
108
979
892
582
252
149
458
475
254
198
978
484
171
491
687
51
233
455
443
364
480
963
695
213
350
509
361
975
139
930
754
265
980
693
207
818
419
317
468
924
34
506
591
578
574
404
394
943
117
363
698
163
495
874
855
272
672
15
564
300
663
786
501
200
68
827
105
280
192
292
598
161
28
148
214
848
573
919
828
502
955
55
806
297
452
27
199
554
817
755
210
244
697
615
916
152
577
861
470
508
25
402
596
246
725
844
507
533
843
881
20
821
283
362
421
115
245
662
987
580
489
253
308
231
138
845
625
432
576
900
949
490
710
797
527
103
449
904
886
607
227
481
358
712
626
221
238
804
281
145
142
110
448
196
72
772
760
376
405
160
293
327
431
805
263
807
965
168
535
155
154
235
555
898
460
372
624
276
628
433
668
438
425
824
53
936
162
759
286
627
884
277
656
208
1
657
868
58
621
890
825
119
75
902
215
180
216
926
785
528
323
832
677
723
132
434
380
957
385
256
534
899
682
568
442
461
38
833
590
928
234
935
852
258
126
923
366
922
840
771
18
659
889
808
938
64
211
800
794
995
101
532
94
465
775
521
970
151
190
167
640
885
369
422
655
947
901
240
487
803
746
346
416
581
735
409
183
107
185
60
140
407
321
622
724
523
770
903
586
322
70
822
342
788
882
738
654
83
743
82
819
669
878
537
958
127
459
976
494
16
392
158
157
21
871
84
792
426
795
558
85
773
950
76
981
777
894
141
36
781
237
956
413
839
544
701
42
492
14
690
456
368
446
911
289
365
522
2
744
348
401
247
630
541
741
266
319
111
860
620
390
243
137
299
383
87
768
758
560
536
609
570
92
175
12
229
463
165
567
944
709
634
400
851
11
336
505
801
543
294
220
329
302
678
188
97
486
673
996
378
583
849
249
550
830
340
408
415
932
977
354
982
179
311
587
650
925
756
232
129
872
547
61
960
344
217
645
19
205
931
864
538
130
774
464
418
905
856
685
918
611
877
8
592
223
834
91
546
375
753
778
410
853
589
761
539
447
747
787
826
279
706
617
933
716
395
239
320
985
397
153
63
203
888
766
309
699
604
166
847
966
704
177
54
653
262
742
595
356
643
552
736
89
608
575
476
131
367
846
854
150
906
414
891
191
588
184
209
811
225
675
212
428
692
374
631
13
466
705
451
635
386
332
326
159
67
48
945
482
984
287
497
50
835
307
869
218
896
749
437
128
651
450
646
829
731
641
251
56
718
556
929
181
594
315
584
516
700
469
512
102
606
98
485
39
602
836
579
498
660
571
49
991
295
109
909
477
563
661
71
222
713
717
268
352
553
230
10
990
686
967
261
479
351
172
5
242
934
347
633
912
99
703
915
971
80
638
288
603
875
796
472
629
721
324
939
969
3
417
665
248
729
143
526
913
284
612
973
531
715
618
337
144
837
377
278
763
862
228
789
391
444
850
202
310
597
30
857
406
387
616
679
393
720
734
44
997
730
793
306
379
671
74
812
652
116
462
518
303
9
831
988
73
236
782
43
799
921
250
670
910
353
285
423
873
737
313
525
120
52
125
542
751
513
648
41
173
77
908
601
260
999
290
504
328
927
373
694
632
989
381
681
691
291
613
726
106
147
585
124
779
529
46
194
549
514
605
688
953
866
551
517
93
483
81
728
548
467
478
62
968
599
312
496
951
411
683
917
674
790
6
430
802
114
879
815
382
134
809
566
816
762
993
259
510
305
65
708
750
100
920
942
343
439
863
941
195
349
565
992
174
186
959
676
619
940
357
156
37
707
962
47
176
784
133
865
69
783
820
4
946
897
649
17
1000
453
331
776
986
974
689
341
823
333
719
440
515
752
399
722
511
994
842
748
146
335
813
330
739
182
680
914
32
545
359
398
206
136
887
593
562
952
791
23
454
424
282
858
226
642
745
40
26
204
435
112
614
493
325
684
559
765
360
499
798
561
241
445
530
412
636
66
33
298
201
488
338
420
983
841
96
316
972
998
895
45
370
767
757
164
273
503
740
257
122
666
35
187
623
473
334
883
123
540
557
838
639
658
814
296
7
637
727
893
569
948
219
870
907
524
388
255
314
457
664
436
769
610
104
954
520
95
197
733