1022
1555
1013
1651
1828
1721
1719
1443
1615
1977
1482
1398
1036
1493
1508
1795
1637
1188
1042
1063
1199
1318
1921
1518
1758
1003
1528
1214
1698
1049
1227
1298
1886
1211
1073
1194
1161
1794
1255
1813
1877
1483
1008
1897
1571
1402
1499
1237
1693
1858
1291
1150
1905
1657
1554
1959
1955
1296
1936
1541
1202
1024
1969
1733
1171
1647
1236
1113
1872
1611
1712
1225
1623
1232
1429
1633
1143
1991
1755
1083
1510
1032
1958
1282
1850
1579
1109
1147
1081
1055
1146
1321
1041
1747
1037
1739
1754
1026
1963
1046
1212
1811
1648
1204
1585
1393
1870
1834
1993
1097
1792
1692
1014
1017
1803
1112
1449
1328
1882
1649
1896
1943
1121
1942
1582
1203
1945
1800
1741
1343
1168
1068
1216
1477
1990
1470
1952
1141
1641
1368
1774
1950
1021
1033
1445
1729
1259
1573
1778
1801
1287
1388
1944
1526
1673
1100
1857
1091
1588
1536
1189
1396
1860
1629
1095
1932
1892
1177
1119
1808
1266
1383
1451
1154
1994
1455
1106
1249
1862
1987
1527
1762
1316
1020
1946
1621
1475
1668
1514
1424
1809
1453
1768
1746
1434
1564
1608
1599
1405
1925
1548
1345
1783
1446
1819
1176
1732
1209
1412
1220
1201
1120
1006
1711
1086
1662
1847
1683
1731
1210
1070
1406
1654
1045
1108
1504
1074
1540
1682
1040
1433
1534
1337
1346
1674
1821
1525
1183
1866
1695
1583
1491
1799
1843
1557
1239
1713
1367
1516
1394
1908
1458
1098
1307
1300
1666
1923
1523
1031
1370
1797
1644
1710
1938
1940
2000
1377
1646
1408
1839
1479
1575
1503
1586
1246
1714
1553
1723
1606
1780
1965
1015
1364
1208
1697
1854
1145
1796
1329
1101
1617
1790
1366
1349
1720
1894
1980
1352
1543
1213
1622
1103
1331
1414
1972
1685
1546
1717
1791
1859
1173
1738
1607
1268
1200
1997
1603
1618
1308
1893
1627
1825
1131
1297
1454
1744
1560
1058
1089
1830
1635
1736
1170
1569
1423
1781
1874
1777
1722
1597
1628
1706
1879
1484
1578
1670
1327
1537
1380
1549
1340
1411
1295
1700
1749
1356
1387
1392
1852
1551
1258
1716
1260
1918
1520
1075
1612
1219
1705
1727
1016
1229
1840
1789
1002
1029
1082
1276
1117
1552
1439
1915
1832
1156
1871
1135
1034
1273
1313
1983
1353
1371
1401
1511
1080
1271
1272
1506
1490
1290
1947
1151
1593
1133
1507
1701
1459
1686
1355
1397
1160
1385
1600
1461
1339
1868
1851
1576
1362
1009
1702
1448
1326
1066
1996
1347
1771
1675
1432
1864
1559
1865
1616
1926
1841
1902
1734
1365
1427
1174
1181
1240
1050
1391
1989
1767
1169
1855
1815
1985
1431
1937
1325
1817
1228
1417
1561
1567
1535
1861
1782
1375
1012
1856
1348
1707
1163
1487
1684
1784
1369
1502
1691
1061
1836
1906
1745
1187
1934
1951
1802
1676
1580
1933
1976
1134
1358
1927
1495
1122
1730
1175
1306
1102
1971
1254
1450
1284
1587
1570
1164
1759
1703
1787
1515
1728
1880
1827
1667
1941
1678
1361
1751
1709
1076
1252
1030
1096
1773
1949
1842
1288
1981
1680
1513
1903
1545
1372
1197
1127
1302
1137
1223
1299
1558
1481
1911
1605
1550
1078
1524
1415
1224
1180
1665
1761
1671
1753
1964
1196
1689
1395
1077
1471
1323
1011
1359
1048
1192
1052
1620
1425
1970
1876
1136
1442
1968
1460
1027
1766
1547
1464
1184
1123
1509
1357
1286
1118
1384
1912
1104
1565
1531
1457
1166
1069
1333
1899
1422
1848
1130
1428
1248
1278
1155
1924
1544
1054
1304
1884
1093
1992
1235
1205
1043
1426
1430
1447
1957
1715
1463
1466
1601
1650
1269
1256
1750
1129
1360
1221
1028
1591
1264
1311
1900
1763
1594
1152
1568
1849
1956
1690
1704
1467
1805
1735
1399
1602
1317
1788
1159
1681
1724
1658
1087
1263
1492
1071
1878
1636
1124
1382
1474
1785
1659
1062
1661
1595
1444
1126
1390
1917
1824
1563
1505
1281
1413
1718
1090
1182
1562
1517
1909
1420
1139
1826
1699
1158
1099
1418
1289
1610
1386
1250
1179
1280
1488
1379
1473
1835
1157
1338
1261
1105
1456
1107
1035
1995
1669
1961
1998
1465
1230
1584
1624
1265
1978
1094
1642
1125
1486
1231
1844
1462
1218
1233
1351
1336
1975
1793
1907
1652
1207
1416
1632
1529
1309
1056
1953
1737
1614
1660
1116
1929
1948
1984
1257
1472
1572
1065
1533
1253
1476
1770
1812
1881
1829
1726
1895
1679
1935
1764
1823
1293
1831
1904
1931
1072
1409
1574
1226
1044
1085
1960
1522
1910
1742
1638
1494
1752
1760
1303
1436
1498
1640
1688
1007
1779
1838
1172
1816
1538
1301
1645
1153
1407
1376
1837
1973
1149
1410
1244
1084
1677
1820
1592
1873
1643
1489
1979
1604
1986
1875
1630
1381
1822
1185
1916
1765
1521
1440
1132
1639
1542
1776
1195
1283
1626
1312
1512
1165
1853
1178
1888
1500
1530
1988
1833
1251
1890
1274
1217
1128
1330
1775
1901
1142
1238
1305
1060
1539
1786
1341
1067
1532
1222
1110
1193
1928
1653
1363
1920
1919
1294
1389
1846
1404
1869
1696
1162
1191
1914
1051
1262
1577
1814
1954
1350
1140
1004
1687
1378
1889
1092
1663
1501
1038
1064
1039
1374
1497
1435
1804
1655
1332
1967
1270
1421
1206
1243
1320
1725
1982
1596
1634
1023
1845
1883
1468
1664
1798
1198
1241
1478
1590
1437
1279
1144
1806
1019
1939
1267
1966
1589
1885
1059
1962
1354
1556
1277
1111
1138
1001
1887
1656
1400
1025
1756
1772
1234
1010
1079
1438
1485
1324
1242
1898
1148
1631
1292
1480
1818
1344
1891
1419
1190
1999
1088
1335
1598
1057
1310
1053
1245
1810
1342
1275
1314
1005
1315
1115
1186
1974
1619
1452
1047
1247
1863
1769
1215
1319
1581
1373
1930
1748
1519
1469
1322
1167
1807
1922
1740
1334
1018
1913
1867
1625
1496
1708
1441
1285
1403
1114
1757
1743
1609
1672
1694
1566
1613