2012
2093
2866
2921
2592
2964
2005
2594
2170
2382
2497
2944
2338
2376
2621
2894
2759
2470
2310
2395
2743
2458
2674
2387
2036
2043
2554
2411
2720
2977
2559
2611
2062
2800
2142
2748
2856
2271
2721
2786
2435
2224
2869
2775
2404
2865
2140
2729
2704
2123
2118
2816
2226
2270
2926
2417
2161
2460
2755
2426
2317
2846
2932
2782
2966
2607
2827
2521
2808
2370
2819
2934
2738
2715
2410
2684
2468
2017
2575
2947
2274
2465
2708
2838
2534
2402
2257
2454
2255
2053
2780
2671
2259
2504
2200
2362
2536
2213
2825
2003
2108
2850
2045
2479
2363
2689
2256
2329
2444
2857
2035
2225
2302
2360
2635
2252
2467
2068
2612
2999
2547
2647
2024
2814
2583
2803
2160
2525
2308
2260
2733
2668
2047
2907
2526
2420
2662
2151
2421
2125
2903
2409
2330
2571
2061
2441
2450
2455
2859
2663
2986
2683
2241
2983
2501
2437
2513
2414
2174
2682
2830
2996
2091
2113
2265
2616
2637
2524
2568
2968
2041
2283
2150
2139
2145
2086
2919
2010
2965
2171
2055
2641
2001
2230
2546
2870
2979
2628
2696
2792
2474
2397
2267
2602
2146
2016
2691
2439
2735
2316
2216
2649
2124
2111
2307
2050
2871
2488
2806
2581
2888
2725
2306
2939
2103
2778
2038
2676
2152
2563
2953
2747
2824
2928
2020
2427
2119
2418
2350
2799
2477
2451
2997
2606
2076
2134
2205
2770
2831
2692
2195
2023
2660
2998
2457
2574
2879
2925
2605
2937
2633
2764
2432
2737
2032
2101
2584
2199
2315
2726
2703
2386
2082
2922
2520
2644
2515
2007
2273
2491
2945
2304
2095
2576
2039
2549
2849
2109
2060
2794
2627
2121
2984
2853
2325
2813
2624
2597
2461
2505
2336
2750
2902
2896
2652
2848
2658
2127
2709
2514
2538
2543
2385
2343
2364
2567
2054
2512
2687
2280
2284
2666
2275
2235
2604
2346
2630
2807
2588
2059
2982
2337
2978
2730
2367
2942
2221
2428
2361
2835
2051
2638
2244
2319
2500
2201
2462
2659
2957
2886
2281
2769
2699
2994
2693
2089
2466
2246
2366
2231
2713
2430
2311
2507
2723
2847
2688
2178
2377
2196
2143
2067
2482
2707
2861
2785
2365
2191
2282
2541
2758
2532
2897
2494
2601
2653
2656
2034
2044
2822
2073
2931
2617
2911
2429
2008
2172
2519
2924
2375
2522
2913
2523
2215
2646
2858
2529
2930
2115
2706
2245
2655
2313
2843
2741
2973
2640
2182
2229
2309
2961
2936
2390
2537
2383
2560
2357
2736
2021
2347
2116
2841
2075
3000
2369
2469
2345
2788
2844
2321
2299
2531
2685
2734
2177
2354
2227
2826
2063
2489
2137
2084
2131
2396
2710
2774
2157
2368
2141
2842
2909
2294
2206
2920
2673
2834
2207
2214
2569
2286
2135
2030
2744
2971
2548
2874
2988
2312
2026
2881
2724
2056
2762
2912
2320
2480
2341
2212
2974
2550
2989
2481
2416
2356
2019
2752
2080
2702
2893
2128
2600
2933
2173
2530
2379
2949
2717
2372
2106
2878
2892
2268
2905
2805
2935
2136
2219
2527
2517
2686
2162
2812
2149
2486
2650
2132
2705
2243
2277
2009
2048
2328
2220
2883
2096
2288
2901
2620
2210
2381
2542
2392
2970
2820
2083
2700
2954
2389
2154
2528
2552
2899
2821
2187
2236
2192
2092
2352
2258
2449
2753
2223
2264
2323
2120
2250
2025
2877
2335
2079
2422
2064
2586
2239
2882
2331
2492
2391
2431
2163
2413
2155
2011
2815
2900
2253
2168
2992
2837
2629
2289
2179
2175
2763
2540
2561
2864
2914
2789
2948
2495
2471
2887
2074
2490
2622
2613
2129
2578
2872
2585
2293
2296
2591
2314
2860
2148
2589
2442
2995
2247
2107
2960
2873
2918
2555
2599
2940
2278
2623
2094
2777
2133
2114
2670
2802
2742
2388
2829
2333
2251
2798
2340
2731
2006
2910
2380
2348
2590
2166
2746
2040
2475
2675
2167
2384
2189
2867
2535
2473
2577
2438
2603
2544
2580
2185
2342
2804
2484
2772
2757
2609
2037
2401
2518
2868
2716
2147
2248
2817
2854
2303
2632
2334
2745
2862
2990
2781
2181
2099
2158
2240
2165
2483
2595
2797
2929
2498
2279
2211
2987
2249
2972
2639
2353
2262
2976
2915
2407
2254
2419
2773
2448
2651
2625
2739
2198
2677
2951
2232
2487
2908
2176
2415
2833
2300
2836
2572
2993
2476
2405
2985
2980
2680
2863
2351
2661
2097
2508
2698
2242
2969
2464
2885
2100
2714
2078
2727
2695
2027
2459
2761
2180
2875
2237
2197
2754
2818
2112
2516
2839
2916
2344
2194
2959
2126
2955
2712
2004
2923
2751
2052
2373
2098
2049
2326
2070
2502
2810
2122
2565
2760
2558
2618
2832
2889
2159
2776
2506
2443
2946
2593
2667
2156
2784
2626
2582
2828
2756
2446
2904
2876
2400
2190
2440
2631
2884
2104
2898
2169
2110
2371
2117
2678
2587
2562
2636
2408
2144
2203
2057
2287
2085
2071
2938
2664
2412
2740
2728
2496
2183
2648
2204
2608
2029
2801
2394
2610
2545
2855
2453
2188
2556
2615
2393
2895
2209
2349
2851
2472
2943
2285
2975
2058
2217
2539
2749
2327
2015
2434
2596
2290
2332
2358
2503
2355
2511
2445
2398
2840
2619
2339
2269
2570
2771
2184
2783
2891
2967
2852
2672
2013
2088
2433
2292
2130
2510
2845
2218
2917
2694
2202
2669
2719
2958
2014
2711
2447
2890
2301
2551
2002
2493
2962
2579
2787
2028
2766
2598
2809
2228
2950
2796
2087
2645
2033
2793
2276
2425
2424
2042
2790
2614
2823
2557
2681
2233
2690
2046
2499
2423
2456
2374
2399
2208
2665
2322
2069
2906
2272
2186
2261
2102
2291
2485
2263
2153
2564
2811
2981
2065
2077
2722
2553
2238
2566
2654
2956
2718
2767
2234
2072
2295
2573
2452
2105
2193
2222
2791
2732
2779
2952
2305
2991
2643
2795
2266
2927
2164
2634
2941
2642
2697
2963
2765
2406
2018
2533
2657
2066
2463
2081
2031
2297
2022
2138
2090
2324
2359
2880
2378
2436
2701
2679
2509
2298
2318
2403
2478
2768