3293
3217
3502
3219
3773
3683
3990
3803
3525
3508
3485
3680
3183
3784
3031
3546
3101
3920
3267
3230
3635
3754
3040
3069
3220
3905
3645
3818
3692
3712
3739
3446
3292
3977
3709
3366
3439
3408
3242
3924
3582
3822
3356
3329
3417
3597
3946
3605
3918
3140
3902
3162
3671
3912
3779
3436
3909
3462
3180
3497
3210
3867
3885
3774
3986
3014
3567
3877
3109
3917
3262
3611
3004
3978
3341
3833
3085
3794
3454
3017
3787
3878
3453
3200
3047
3499
3504
3302
3251
3386
3377
3575
3505
3542
3976
3981
3473
3579
3270
3202
3634
3448
3602
3196
3835
3541
3904
3469
3848
3775
3970
3861
3961
3730
3788
3382
3266
3068
3194
3701
3110
3948
3405
3259
3420
3263
3435
3018
3333
3972
4000
3489
3737
3708
3759
3765
3320
3412
3997
3665
3915
3465
3381
3506
3698
3441
3332
3095
3357
3284
3277
3907
3295
3944
3953
3647
3624
3388
3782
3613
3889
3227
3038
3070
3338
3804
3863
3310
3380
3130
3850
3052
3581
3303
3158
3616
3164
3269
3349
3549
3832
3723
3154
3593
3756
3871
3071
3041
3668
3108
3187
3415
3365
3395
3862
3099
3823
3350
3899
3006
3358
3717
3020
3195
3893
3472
3144
3875
3847
3425
3513
3479
3653
3661
3841
3204
3751
3729
3656
3781
3817
3711
3222
3437
3746
3632
3960
3777
3860
3253
3906
3988
3748
3077
3874
3896
3968
3376
3985
3555
3037
3522
3274
3486
3679
3314
3836
3655
3926
3304
3726
3081
3631
3591
3346
3569
3963
3177
3870
3704
3519
3512
3945
3563
3507
3239
3170
3566
3221
3123
3792
3179
3621
3100
3291
3306
3666
3939
3019
3307
3603
3093
3714
3078
3028
3430
3733
3842
3184
3876
3687
3932
3161
3137
3943
3009
3690
3362
3523
3012
3455
3464
3766
3444
3684
3534
3685
3758
3116
3387
3511
3062
3272
3236
3252
3628
3599
3118
3468
3598
3935
3719
3173
3241
3233
3264
3149
3156
3826
3965
3299
3626
3786
3846
3630
3827
3557
3160
3778
3657
3244
3590
3762
3864
3390
3305
3998
3664
3045
3007
3958
3198
3142
3625
3136
3117
3214
3562
3296
3129
3606
3761
3036
3882
3830
3043
3189
3025
3438
3654
3808
3706
3359
3982
3347
3477
3810
3816
3992
3268
3527
3397
3191
3564
3287
3828
3088
3743
3677
3929
3721
3111
3331
3695
3285
3391
3501
3663
3543
3238
3840
3903
3355
3629
3317
3265
3429
3197
3699
3360
3490
3934
3326
3104
3813
3516
3568
3402
3396
3551
3276
3957
3122
3892
3367
3150
3921
3662
3895
3421
3008
3452
3811
3601
3498
3607
3046
3319
3218
3866
3825
3806
3716
3048
3394
3456
3250
3065
3488
3271
3480
3865
3891
3824
3791
3984
3457
3529
3484
3552
3135
3209
3240
3923
3736
3673
3927
3809
3442
3044
3858
3280
3348
3947
3026
3374
3612
3995
3001
3021
3418
3105
3404
3351
3207
3538
3193
3535
3312
3447
3232
3900
3053
3617
3056
3389
3580
3321
3342
3002
3013
3255
3398
3622
3067
3030
3075
3334
3913
3148
3776
3311
3821
3834
3532
3086
3163
3459
3213
3290
3449
3344
3600
3559
3619
3888
3482
3949
3734
3713
3424
3928
3576
3475
3091
3451
3561
3936
3594
3057
3084
3152
3799
3063
3764
3728
3868
3339
3185
3732
3979
3880
3853
3738
3089
3275
3422
3106
3443
3521
3343
3715
3188
3098
3211
3426
3051
3887
3141
3309
3322
3879
3496
3328
3901
3578
3641
3260
3049
3530
3373
3384
3413
3571
3636
3922
3837
3952
3174
3247
3964
3849
3740
3959
3648
3633
3145
3744
3336
3857
3087
3651
3741
3169
3323
3752
3228
3208
3642
3710
3856
3385
3324
3375
3838
3120
3678
3802
3517
3592
3131
3005
3528
3785
3843
3660
3466
3237
3127
3894
3492
3898
3658
3514
3780
3573
3393
3406
3423
3705
3476
3973
3670
3520
3212
3034
3735
3126
3851
3638
3938
3500
3458
3548
3707
3119
3971
3224
3975
3550
3370
3570
3234
3153
3471
3297
3294
3753
3908
3029
3983
3951
3248
3102
3460
3231
3124
3289
3073
3614
3383
3165
3750
3094
3229
3481
3487
3669
3133
3815
3585
3556
3399
3637
3132
3330
3107
3725
3392
3378
3793
3340
3125
3353
3763
3509
3769
3074
3345
3226
3096
3689
3643
3182
3795
3192
3503
3755
3682
3416
3113
3254
3667
3308
3203
3337
3261
3869
3615
3801
3273
3916
3060
3609
3558
3171
3364
3097
3931
3015
3819
3379
3166
3587
3910
3618
3897
3245
3595
3431
3474
3440
3872
3335
3731
3256
3494
3372
3574
3742
3962
3518
3812
3681
3201
3610
3146
3134
3249
3281
3987
3016
3035
3672
3720
3082
3115
3768
3608
3157
3545
3138
3216
3859
3855
3080
3288
3414
3547
3696
3354
3539
3914
3467
3627
3760
3258
3771
3493
3147
3757
3955
3747
3640
3537
3225
3167
3176
3159
3419
3011
3432
3042
3996
3727
3470
3886
3205
3649
3059
3371
3461
3033
3246
3318
3215
3749
3079
3491
3279
3584
3807
3143
3820
3352
3283
3361
3409
3956
3243
3999
3181
3282
3790
3022
3369
3937
3478
3407
3483
3646
3767
3553
3800
3772
3796
3401
3639
3428
3363
3814
3072
3368
3039
3554
3831
3933
3652
3083
3178
3058
3300
3565
3463
3805
3410
3515
3675
3286
3974
3223
3589
3954
3445
3798
3993
3257
3092
3588
3128
3852
3930
3925
3883
3789
3032
3839
3190
3745
3596
3881
3027
3313
3577
3061
3155
3172
3994
3531
3693
3526
3524
3206
3054
3845
3718
3315
3450
3854
3076
3278
3919
3676
3911
3572
3989
3702
3873
3055
3427
3139
3674
3433
3586
3940
3583
3623
3327
3316
3703
3235
3688
3966
3003
3114
3536
3722
3967
3620
3691
3010
3644
3403
3941
3770
3175
3560
3724
3540
3604
3884
3199
3023
3950
3829
3024
3694
3533
3980
3797
3121
3544
3151
3969
3064
3301
3991
3050
3844
3325
3090
3168
3659
3495
3700
3942
3400
3186
3411
3890
3783
3434
3686
3510
3112
3650
3066
3298
3697
3103