4227
4950
4495
4983
4445
4371
4810
4199
4158
4658
4364
4354
4257
4751
4379
4209
4184
4539
4523
4033
4826
4981
4098
4851
4378
4369
4650
4817
4722
4787
4338
4679
4960
4141
4955
4069
4389
4601
4121
4894
4656
4766
4013
4327
4546
4562
4657
4914
4793
4813
4037
4966
4307
4838
4846
4356
4039
4211
4497
4796
4866
4417
4681
4077
4639
4978
4823
4685
4952
4161
4370
4233
4662
4896
4575
4023
4429
4587
4353
4877
5000
4515
4741
4816
4808
4964
4317
4643
4267
4162
4409
4558
4852
4811
4289
4653
4422
4832
4352
4962
4119
4520
4300
4169
4608
4194
4901
4673
4050
4985
4621
4134
4833
4225
4243
4390
4403
4108
4263
4261
4113
4800
4191
4076
4207
4437
4131
4078
4358
4560
4502
4967
4908
4304
4206
4420
4732
4096
4214
4071
4721
4688
4291
4933
4117
4012
4215
4700
4664
4504
4377
4789
4155
4059
4898
4671
4911
4474
4208
4735
4038
4074
4622
4149
4591
4336
4133
4299
4740
4792
4850
4315
4626
4464
4842
4216
4920
4249
4288
4188
4753
4561
4067
4380
4513
4855
4316
4682
4019
4218
4355
4533
4230
4070
4244
4582
4458
4193
4335
4201
4862
4164
4433
4801
4167
4919
4419
4142
4758
4776
4742
4699
4965
4373
4320
4957
4277
4910
4293
4961
4431
4543
4111
4496
4812
4954
4701
4768
4148
4739
4772
4306
4266
4997
4786
4139
4588
4818
4213
4567
4099
4942
4442
4088
4915
4992
4534
4907
4883
4154
4250
4029
4668
4435
4680
4536
4292
4469
4988
4712
4297
4703
4007
4707
4103
4516
4571
4311
4350
4313
4993
4676
4613
4473
4035
4573
4705
4809
4454
4486
4614
4446
4343
4412
4200
4734
4996
4238
4489
4295
4460
4172
4723
4258
4554
4503
4274
4144
4219
4332
4627
4518
4499
4897
4511
4010
4405
4234
4229
4924
4644
4544
4535
4821
4963
4936
4089
4944
4640
4491
4708
4794
4931
4252
4106
4087
4472
4324
4122
4436
4880
4475
4594
4165
4224
4115
4228
4042
4879
4782
4748
4775
4697
4301
4615
4628
4724
4843
4286
4402
4073
4604
4572
4959
4814
4254
4467
4305
4856
4598
4854
4853
4112
4578
4945
4610
4270
4798
4580
4514
4547
4835
4848
4005
4940
4271
4941
4189
4130
4831
4368
4168
4590
4892
4451
4333
4387
4395
4939
4414
4886
4432
4551
4771
4065
4349
4493
4677
4909
4177
4781
4746
4025
4372
4279
4242
4385
4713
4763
4326
4667
4411
4465
4802
4600
4159
4205
4995
4691
4648
4844
4401
4949
4507
4424
4592
4309
4101
4559
4329
4759
4755
4706
4049
4827
4597
4715
4517
4407
4044
4028
4690
4998
4175
4381
4987
4100
4935
4223
4452
4973
4884
4498
4902
4912
4947
4620
4478
4398
4971
4047
4654
4362
4761
4629
4822
4773
4150
4017
4322
4563
4118
4202
4310
4480
4413
4449
4408
4698
4110
4731
4805
4895
4363
4661
4251
4072
4342
4652
4351
4048
4060
4166
4750
4043
4860
4602
4577
4873
4272
4102
4984
4828
4079
4926
4762
4757
4531
4704
4532
4483
4187
4938
4235
4727
4738
4684
4344
4367
4253
4849
4749
4276
4170
4081
4347
4744
4027
4298
4444
4016
4745
4570
4006
4906
4426
4784
4418
4618
4031
4290
4427
4181
4018
4820
4612
4953
4564
4337
4393
4438
4080
4246
4743
4795
4183
4508
4943
4568
4728
4084
4086
4470
4421
4859
4340
4283
4275
4153
4346
4634
4581
4847
4783
4903
4777
4174
4646
4663
4725
4635
4904
4404
4593
4136
4538
4651
4541
4443
4256
4804
4764
4555
4660
4606
4958
4524
4182
4525
4921
4281
4146
4425
4457
4014
4152
4512
4778
4865
4221
4930
4057
4642
4874
4986
4550
4769
4156
4839
4423
4900
4394
4799
4596
4991
4678
4552
4730
4574
4674
4192
4521
4526
4054
4232
4128
4989
4569
4481
4718
4888
4767
4247
4123
4484
4788
4052
4605
4015
4366
4459
4319
4968
4410
4197
4003
4765
4779
4876
4399
4918
4576
4617
4195
4375
4331
4361
4841
4999
4756
4824
4733
4066
4666
4754
4063
4125
4064
4479
4669
4770
4509
4566
4490
4384
4630
4137
4951
4925
4318
4589
4641
4357
4937
4899
4053
4501
4905
4075
4345
4719
4282
4124
4339
4226
4163
4477
4173
4241
4726
4090
4970
4780
4004
4009
4624
4171
4058
4670
4160
4278
4556
4186
4994
4116
4616
4645
4623
4341
4790
4540
4061
4834
4553
4222
4694
4845
4974
4040
4557
4450
4085
4245
4882
4487
4046
4045
4273
4287
4462
4611
4248
4092
4922
4934
4637
4869
4625
4359
4157
4990
4929
4977
4633
4585
4210
4488
4026
4537
4008
4323
4890
4461
4105
4406
4863
4689
4132
4638
4932
4441
4434
4302
4836
4068
4672
4239
4969
4365
4522
4980
4825
4631
4107
4982
4647
4382
4979
4392
4093
4665
4871
4024
4927
4135
4383
4308
4527
4714
4889
4702
4891
4548
4494
4791
4586
4545
4176
4466
4198
4376
4178
4138
4430
4145
4330
4583
4455
4917
4468
4294
4151
4861
4204
4603
4956
4807
4321
4837
4529
4482
4609
4255
4104
4806
4716
4030
4231
4710
4711
4453
4923
4269
4916
4428
4264
4303
4599
4463
4126
4476
4881
4692
4147
4485
4632
4051
4262
4887
4736
4212
4360
4334
4565
4717
4220
4280
4190
4872
4579
4683
4857
4867
4595
4179
4737
4180
4510
4695
4829
4348
4636
4447
4655
4976
4020
4659
4456
4032
4528
4109
4284
4675
4236
4693
4720
4542
4285
4056
4875
4815
4972
4506
4830
4082
4388
4471
4885
4747
4259
4022
4928
4893
4530
4041
4868
4386
4858
4687
4185
4055
4607
4785
4237
4114
4709
4492
4686
4265
4864
4240
4091
4519
4774
4440
4203
4143
4415
4760
4328
4500
4296
4036
4001
4002
4948
4374
4439
4696
4913
4094
4217
4505
4803
4312
4397
4391
4752
4095
4448
4140
4797
4314
4129
4021
4840
4584
4396
4011
4870
4196
4034
4400
4819
4083
4416
4325
4619
4946
4649
4975
4549
4097
4127
4268
4120
4062
4878
4729
4260